82
e3
8a
11
8a
10
8a
42
e0
40
61
e0
22
e1
44
42
06
fe
f3
44
44
06
37
37
44
44
02
77
77
62
80
00
23
81
62
82
00
23
83
62
84
00
23
85
42
e0
04
61
e0
22
e1
62
a0
14
31
a1
62
a0
28
31
a1
62
a0
44
31
a1
62
a0
5c
22
a1
42
e0
20
61
e0
22
e1
62
a0
14
31
a1
62
a0
28
31
a1
62
a0
44
31
a1
62
a0
5c
22
a1
42
e0
10
61
e0
22
e1
62
a0
14
31
a1
62
a0
28
31
a1
62
a0
44
31
a1
62
a0
5c
22
a1
42
e0
08
61
e0
22
e1
62
a0
14
31
a1
62
a0
28
31
a1
62
a0
44
31
a1
62
a0
5c
22
a1
03
42
e0
01
8a
61
e0
22
e1
43
90
e3
00
43
90
eb
00
43
90
f3
00
43
90
fb
00
43
90
db
00
43
90
d3
00
43
90
cb
00
43
90
c3
00
42
e0
02
8a
61
e0
22
e1
43
90
e3
00
43
90
eb
00
43
90
f3
00
43
90
fb
00
43
90
db
00
43
90
d3
00
43
90
cb
00
43
90
c3
00
c9
00
00
00
00
00
00
00
00
00
00
00
00
00
00
00
00
00
00
00
00
00
00
00
00
00
00
00
00
00
00
00
00
00
00
00
00
00
00
00
00
00
00
00
00
00
00
00
00
00
00
00
00
00
00
e0
42
e0
40
43
42
03
04
82
62
42
00
23
43
62
44
00
23
45
62
80
01
23
81
62
80
02
23
81
62
82
01
23
83
62
82
02
23
83
62
84
01
23
85
62
84
02
23
85
42
e0
04
62
a2
60
2b
a3
42
e0
20
62
a2
60
2b
a3
42
e0
10
62
a2
60
2b
a3
42
e0
08
62
a2
60
2b
a3
12
62
4e
12
23
4f
62
48
12
23
49
62
44
12
23
45
62
4c
12
23
4d
62
42
12
23
43
14
62
4e
12
23
4f
62
48
12
23
49
62
44
12
23
45
62
4c
12
23
4d
62
42
12
23
43
10
42
e0
01
62
46
d0
23
47
62
46
e0
23
47
62
46
f0
23
47
42
e0
02
62
46
d0
23
47
62
46
e0
23
47
62
46
f0
23
47
02
bf
bf
bf
af
8e
42
e0
40
43
42
03
08
82
62
42
00
23
43
bf
bf
bf
af
8e
c9
